0       5.729578        1.00
1       6.825188        1.19
2       8.130301        1.42
3       9.684977        1.69
4       11.536938       2.01
5       13.743032       2.40
6       16.370975       2.86
7       19.501433       3.40
8       23.230497       4.05
9       27.672633       4.83
10      32.964195       5.75
11      39.267609       6.85
12      46.776361       8.16
13      55.720938       9.73
14      66.375897       11.58
15      79.068297       13.80
16      94.187739       16.44
17      112.198320      19.58
18      133.652885      23.33
19      159.209993      27.79
20      189.654130      33.10
21      225.919797      39.43
22      269.120185      46.97
23      320.581352      55.95
24      381.882925      66.65
25      454.906585      79.40
26      541.893832      94.58
27      645.514781      112.66
28      768.950130      134.21
29      915.988789      159.87
30      1091.144184     190.44
31      1299.792797     226.86
32      1548.339201     270.24
33      1844.412654     321.91
34      2197.101278     383.47
35      2617.231029     456.79
